92010969
20889792
2313
2707
726484
708122
13399
9088
31684
4165
13639
1140
1116
5190
3718
20319
70904
842
32407
1582997
16427
325
1952
41518643
180975
180571
180659
180708
36552209
180525
180529
180519
180488
180474
10458
29942189
180320
180489
80257725
181110
180540
180592
180525
15978231
322
180515
180514
263
180376
180548
180434
33975740
180482
81120
101135
59720280
65399
2400
949
32130519
2206
2484
160330244
9679
9295940
14757
50621
6335
1967324
12247
11881
13400
11367605
9348616
5012
2699
2355
2463
1977567
1073262
324966
20742356
465349
405840
19916160
506
44619
11491678
3724824
270800020
92658056
64314994
30340807
418021
4224543
3725298
110107
110252
41159028
82895
15042133
69299
86277
62737
62983
15689
53808
55003
82460
18340
82011
12057912
25680
391698
56872
53450
124579
8810
9238
29166
41534
23899
24895
23591
244115430
515225
32583
55705477
2498546
2475216
2528077
2546150
2526953
2456608
2429653
2517725
38789872
2259959
2319079
20214760
5065009
1261264
1978371
12135511
21264483
1018660
972292202
1966165
1565708
236059
47252718
149053
70517
21122
37867
14027
19241
444
352
3735451
407481609
3983837
2044543
277
212
109654470
57390
55458
107751008
6045844
4490550
4789749
110294
111040
30265229
20793275
20164
16872
283451
63444
2000196
63728
363452
217109695
107432082
11052
8876
8724
9149
9557
183924
183233
182873
19854
18259
2933724
182884
1044
183336
183114
182658
753145
18328427
38196544
19434923
319166
859
884
32900
331096
316633
5450193
1919817
2087508
23720
38844
8780
1848
15811
40294
44760
27987756
921944
84880901
12315121
12220006
12324441
12308180
1293
1127
12869
33916
1509
13420
272894938
23922624
19945860
1204
15555
31060
2027
15736
12972631
13333667
12801830
5162
4907
6674
17358
237285
218437
298324856
23977828
1180
14298
27792
1550
14125
72211452
17142119
17447748
16834992
223453978
30973
142739
24518
29851
20435
23226
15664
139513173
159702502
373409
340774
446296
550047
412177
424422
4721
2442
1196
1424
1420
23698
139738
7009046
16452
7565
7324
283
7631
7685
7615
2143925
1602283
1772360
7692
1789863
3013
19787233
264590
5724
5545
7418
25906
1485310
5519
5181
17656
30713
6839
19931
53068563
102557560
40204939
102061406
103145313
3013
284801
4692
4102
4197
5817
22968
107819
3523536
6976
4473459
101206841
85456232
59451599
58498745
112871435
141456121
52413019
576
6003805
9996742
428482
8541409
11351562
9301206
180584
39489799
2807020
40933
118862478
170882
3317437
1461732
51259767
53797
75139538
31761278
35408860
57824863
45735293
92103838
12449286
301662
20849147
25975
796
6517
771
33123
25533
45003
15046667
370497362
52306
12026
8657
1281997
2963361
104142485
4371940
188023970
194561056
36912376
12641597
4067
1750
1477
10720
10159338
1532
9516941
29896
27062
164368
2724480
7049
34592
1178869
148747
2453752
367057526
2957
5846961
1401
13627
31390
1432
13640
251489580
1070
13071
30960
1603
1185
13326
270704935
14627
26829
9331
1099964
21878
4519439
3467481
1129
140445089
85926292
34010721
32190919
31021985
31748535
31692871
31988434
31300606
68249591
30488912
30631119
255652354
207235456
8993
6906
741
68696
29671
15102925
29580
587628
338298841
56231339
30304006
28783963
30024363
66610062
605562
402913
85790
68274
66602
67605
78874
399753
377239
402387
398086
7249093
15481517
94589024
10496704
174427497
128365864
150307941
22886703
211144136
223029917
263976893
175399
37382852
44295590
48402
28319
15358
11396
194510
228048
165436139
196189
212741
205375
321460
351041
44745
22288
36569
3550
32348309
3556457
3856693
4179761
119092000
3779917
3910321
25909
9618219
1814618
213
10135872
72486
4181
3793065
276
1953
1457
1408
1566
1581
12939
10728
10417843
11529
11086
12568
8545
5793
20038
13763
14352
13569
133521529
16933
12740
22433
12942
149814
12981
13955
9422194
12743
14240
9153921
118660299
18876
9885
9854
22002
18528304
7971825
9197216
6260960
39941576
11888098
29119305
190778
35835
3343925
22245
923573
202258
173945
26701
3298277
1390002
2848822
25553
15473
21042
11795
3978
13700
6831
19168931
424519110
112597637
11936961
1106360
29227104
7472
129692
176515
180909
115480
6438573
22572
36781
25656
17243858
81509
4295
1050
695
16219892
129501
8849513
24971
420363718
573006505
29670319
26284
31718897
3394175
245
13041661
2542
13443
4336856
2725201
4284961
236
264
248816505
168646
4080044
13871
2438
31891
30179
32880
29340
29744
30982
27100
41974
45456
145504
6424
834921
4314288
801854
4271723
192142
127439
214253
12111276
17307
16426
4218985
13512390
6456509
194085580
544527171
41510
13010
4642
11080317
4709
4423840
20604
7121559
2874788
47624
3345369
2401122
130262
435560752
3286338
3276387
93233
19659
6970076
160279356
1199367
2100
2136
1923
143500844
83261612
246829349
5263428
3724471
215168
8689
207569
8673
2598060
8394
56238835
629268
31291
8346
6876
22627
19048
19951
20055
478209
2768
6670
2871
7515
2662
7452
112213
25636097
495015
14994333
347945
24468
510897
1565110
67469468
3031
1403281
1267
115112
8496497
1443
19487
115647
121542
108259454
15742
123112
2333
18494
111395
22461
116418
842260
5024831
3000395
20957806
2943251
4812179
4304829
20427
20510
20387
546565
5073150
837018
4984111
112630
26080208
1791908
539533776
96950
43108255
16600041
131239759
125759734
330755829
125505831
88976145
75921
2571413
19228
59936
76095
1447
1876
133991295
3555913
1884331
6772610
3120
3196
3167
2655
26573654
94531
12234
9369
659090
1024931
66299990
1692
2894
2882
11100169
19040
17014
72448
2606
2249
2274
2256
2245
2426
2253
2433
2355
2456
2613
2458
2412
2440
6794611
76056
6834552
6701617
6783
12449
7923
2845
60451548
15539
30247
14692
27731
14270
257933881
78722
76393
79723
76798
65706
318
595
6826029
6845322
2113100
66796681
6849264
73521589
4656572
32360
14317
31501
32267
5458
33108
5618
5103
5427
5538
9931
9088
8768
9631
226350
5274
4693
4869
218187
950
201502
19931
5162
77054
7225
69399
232708
672
701970
5240
24418897
24065179
26409739
51877267
5209
9923
44201071
5981
3452
904
1547
3497
3555
3580
3334
3362
4017
10545
32587452
29312311
3430
3124
3299
2832
112967
31834
49141544
40722084
412
40552
36533
1487341
11009
2875
67414574
3861
2336
29340
658835
97284
4501
18358
3791
2612
3813
17012
11903
13063
16050
15859
15004
3819
2384
1454234
51114254
34765
33414
2721
30761487
35320603
41167866
51230595
2848
2489
559616
13194
27407638
645481
17441
26233338
272867611
37619529
1195
1320
25432296
1372
2365
499215
25435818
22877811
1467
27189774
8111048
26777933
31674
37263570
134625427
290796
147849
290629
11165
8102
144674
148856
292380
12871
7545
73744
78032
73720
78649
7153442
6970968
2231
7162949
185185
7163784
9307
30003
29218
179885
301970
304648
256299
9246
4707
232244
231381
231449
9238
4633
8616
8005
89200403
207202
1444
23587
24676
1788554
24732
22981
2913383
22760
419214
25037
1201008
22512
24081
75360
76746
75203
75721
13799626
123184193
91320006
30380299
140876010
260283291
1369145
1409929
1292
1189
110536
288585
3572
3825
286830
101984
102096
99783
104188
26348
19336
19726
102815
103807
3538
2861
119274
119096
3394
101885
101230
3819
3659
3198
103659
3902
2789
102558
102520
154314756
7025310
7230264
5190398
7055089
73711
878237
395
572
26006
46602
18743529
1552
1627
3169
116160
107557
100922
103532
102039
109149
103569
110778
4575404
14028
24931957
118041925
29677
29569
9501403
9274137
9403939
9269575
135660678
10841207
288
305
1393954
4120999
113908
9092044
4118495
4201221
857
704
788
853
36126
35505
36258
35365
4156543
4961306
3858831
12074883
101994485
3805414
4837507
111652
100661
12476649
10377251
79202
20237
60849
28691
30517
4361
4346
4199
5008
50152
1241
22641
16351378
4582
27869
667002388
2469143
10644862
883943
250090
67279
41299373
66672
65473
16355360
65298
5148
5263
1562
86283
4856
4566
4637
1697
4882
16043
22026
1792
2204208
23693
628946
45879
15514
22188
4227998
4248603
587086
1145
77573
20942
24951473
1543
1236
1959
19286665
2071
2148
19438832
7001030
29036695
4852
471200
460
4698
3448
38888
473581192
4741
2864
361818
317116
1191
992
42140
2733
18833
2900
16075
14903
2985
15874
19080
53495
146429507
301817
613533
37325177
2984
7283575
24902
21167
20657
622638
2870
9832
2087
1315
9550
3030
4855371
3303186
34272
32768
32840
3400
3217
37361123
53494
535585
79663
279230
53745
31300
42907
57159
15605922
74548
77487
78510
80746
610920
7082251
7032077
7074125
1202
1875
4910068
4475796
23333
306613
285812
28601
3588
20719
220188
299891
6299
71986
300975
657221
302329
6031094
28081450
6122747
4721879
4029508
3508975
6270945
165020
137711
164734
1838
1438
1966
1678
164999
125475
1732
2443
1917
25789949
1776
1425
5457
58938
3998695
3955488
4389667
2839065
6311576
5882915
4473937
699198
3611875
1537245
391285
430873
4449488
382506
2800
2243
147004444
147878095
462687
241673
22495
5200320
21821
9665816
5348264
21908
5050570
7126097
4180142
3535270
3277299
5720176
7289348
45564843
64030
3899185
4482369
2035812
4671486
901955
4301448
7074824
172580
35921
3757
3528
3787
751099
4612690
12292943
2903
4406453
4264102
4028065
5558815
18009162
4743202
2455542
3812590
4815432
3969094
788792
11388453
2246231
3035
23217331
4679907
3532856
3764238
4628173
4222651
4175192
1109
1278
2511
1170650
35158
686863
1229041
4348642
4033647
1593
2742
18397736
6840068
5030006
4532274
3584111
3989945
17084719
5264931
4118258
4396070
5136361
2342048
4714099
22644467
288598
278836
25887808
301190
38330
36062
36263
35616
36140
22054266
3527784
93783478
18893
6124
14526780
35081
5596
4396
19104
56238
18576
18872
16360
14561
24686
91726204
18652
11986
58522715
165290
11427
31708
2873055
31240
22519
31425
29749
3311771
10906834
13330957
80126007
2542591
3328263
162431
2131
7127276
29673
18464
19921
28991024
2606
5641572
37528541
327061
28066320
5523
17224247
24569
124284889
10689
705809
3329
2425
33670
31035
2892494
35589
31076
32184
29905
3317571
51459247
19700176
19606604
25641169
68374
78858
19710817
79138527
80535
79034
7329002
6111542
7294075
6173
1332219
187635
1598
327840
196181
13658
44210
31932
122610
118706
300377
3469
10976017
2778
10788165
25106
64534
21389992
7191
28181
7057172
39631568
1505497
963
992
804
1074
939
1515
1148
1026
2265
2229
274235
16152993
181841
2886
5618716
1901
9403
347440
35756671
15508434
2609
22818590
2416
2585
2188
2190
2191
21201
725
396983
5071949
192170
2575
1597
2372
178507
1412
48160919
4629
46854
42962
2187
1927
2164
62706003
2976562
2304
73558
8314720
150716934
146467255
8447552
20061
22792
1007236
465977
21705
133790080
15816
402963
115596
1129
1443521
419824
24582
2129361
499361
19793
105235244
1139686
7762084
1676138
544591
28100
196724
12240
434183
1308472
19833
2203906
94821
314
26371935
364
621
85144403
1483810
347138
5989104
6368854
8169377
5858685
11114318
11529104
306718469
366887773
395555680
217073419
379460069
11175512
11547
8673813
7878733
7333885
7035783
9001210
8297783
7788397
7054193
8566758
11011341
771490
762821
763185
804958
1623874
1477851
781918
917489
825805
2753
33626789
905520
942784
972498
786515
875516
785059
816088
21267414
16844
788612
62984817
39183053
41052487
2215927
267989
137486
529927
2674688
2854
1847
55599629
4351
66678
65901
65900
78394
104577
103771
103381
27952
40091
33956
32539
29831
109272
959703
115749
33475332
39517582
958009
965643
82818799
17233045
14127
63738
63715
63985
2725
3952
24828
24791
2208
125601351
223225
195202
224190
12110
5482372
4907901
184690
188941
185462
185316
224951851
76561657
62951738
3075
446072
251870
2220
860834
4127
3296
4217
3775
48607
1057666
2838
207634573
102258773
2214607
115382896
100602775
224381
205778
5461616
5543543
54264
51568
6254540
25696
25668
24309
25387
22216
1574197
25294
22379
22972135
1562377
6254924
26381107
50580528
38518339
38260
190035
13599
21529
20870
6038310
3837465
4876269
4163606
44437095
12996960
182281
1419654
58460
1981
16388
2203
36226
24863
28468
2278
2466
122540
594069
3588
281454
18500
14618
8056
8244
8138
8101
100234478
7542091
2595
3677
664290
50048178
3209
2830
2562
14301
5540
1226482
5045
4656
1282047
1419347
6421
1023546
1028220
1282561
342754
322988
365938
326399
345114
357146
1082969
1226701
1065170
405721
352324
328320
310918
23766295
82382133
47285681
3142
14497
51332318
1463733
167221
3032622
1497674
1504804
3023506
2990695
12008
277168
201557256
22228
3429
4205643
2567
12580907
25816822
789
784
2120
1986
732737
23863623
545490
428119
5049
6956507
24055568
237651273
166993084
16554980
185210048
31857878
8876308
2881
2386
2426
2308
2391
2487
2436
2518
8438
2096637
2319563
8650
18005
8422
2218332
14045569
549618
4854390
71466026
626352372
3893
2643
32911
217581024
1135
4006988
2416
1090918
285609
545991
4225221
272869027
3633710
4539969
41097971
4408605
51276753
111046113
8690995
144475
5901318
1457515
10613041
1103347
2602
5659
606854
424335
10761515
10559005
4579066
87626
69134
62134
6958115
2600
5748
70989749
66753398
12651965
909992
648155
508599
707220
639627
491799
60540
10840747
10554290
4182
84528750
76278503
53267232
318953267
2248
891431
48769718
21111
2467
49175977
54377405
32813771
1349
3377
2190
54236
26082
26115
31218
45817229
16376210
2870
99648063
68324869
271062
653614
270590
664442
14205303
1591265
273306978
366035846
362104743
13401675
142655284
452603
241340
6761155
910842
594125
22898443
15787087
11415939
6854767
597402557
1140393
186370285
10530325
31799327
42371590
83887
25772286
268691
184593
729
17144812
84390193
95801457
17293089
61745252
29357628
88807755
32792528
17576189
64456530
29312154
388806
58360913
55590223
18223852
23593229
112366237
30920621
41903985
22360186
18806586
49728600
10898367
2672
27121
5926
33676560
87075852
2333
89979311
38712317
194340532
4237556
17391516
469590468
273960474
260970
68028
103251779
4575
4528
7294635
380978
64051093
185561660
19841605
405749353
22820
1389863
23197
522265
16470963
3363
142956
6982
1742
2179
2424
2227
2074
167288128
386164
23910529
97221
165249
156140
19155171
18195381
3746
1473
12588
6813491
12697
1415
12245
107547
31939
12005
1293
12520
109043
19202
1278
12469
190022728
18363620
16598348
2298
4710
44494
929698
14946701
14857587
14579373
9496
14651188
13999371
12708396
8604
19362033
3404639
17970
2349993
16788099
17825846
19964154
15824931
14617017
13784930
3780
4498
437888
3147
13824417
3472
3666
588045
12810250
17688756
16523429
887684238
18356
4638
3907
4965
5608
3513
2480
685581
8916436
3516
2085
380427
91878
86103
351684
64420
6318
2851852
885262
88346
1661
2480
1469
1456
1661
1298
20481175
17877
122939786
10772643
169162
151307
413476
52381383
34612735
55350
22526
22394
96961083
35270
9639696
17970
3180
35902764
16013547
19225
20912
2279
2337
2442
2028
3696
18483
19363
4083
12425
74858
78326
13777
3905
8717
1973
2086
80009
18814
24305
4210
13878
74107
2097
13620
18652
24689
4283
14021
69133
2140
13703
17911
18986
3983
12707
76798
78606
13702
10343769
18489
19814
4121
12519
72263
76230
13573
5895423
5913
3233
2041
1487
2013
2050
3819
23126
27569
28217
22445
2426618
8672
4295
4227
30503
21688
21743
21497
21803
21675
43780092
7702052
458133
457898
19495193
809
804
23078
1121138384
6281
209369
103499
245251
18174
786872
1767
1179
31788
1045
490193
4843
21264
629794476
25527
25666
25257
66740752
359284581
13330977
1355
2421
112941
3461
115220
113604
3254
113279
3394
116148
3054
2490
3090
101672
2886
1653
942
18585987
954
1021
939
1008
3950
12367
33121
19193875
15035089
17335
609274153
43289
20101
5905
18631758
6748
75246
20540442
20148619
6347
20573
3731932
22275
836
20621
3145
6165298
23532
773
23794
23456
88050
94838
98358
97289
94355
99313
2698
349789
7994097
114125
571027
627850489
20448924
19861241
20436642
6663473
650
30791666
20086001
83755
3116
2810
2712873
5260
6266146
4036
7967535
228740
67257
1457847
1484885
83931
52614
54561
1520719
62352191
11264913
3225431
4852
4074861
4818557
3631672
138052
33975
4904637
3658
6039
3780076
18596
3494
207668
3752
5689940
139506
236171
167376
139672
2504
2322
347444
233907
3683
20142
201882
235585
655
1779844
140624
7996052
139086
3810249
4859
4191478
8578
3798378
74075481
27408
447481
1048478
6635387
4119387
12551
3461227
45674
4657484
3627693
1608
2130
2877
1743
935
3666344
4749
3941918
6005436
3788999
62791
56884
72564
5581283
4394473
4935026
4208651
4236118
4024432
6886322
5135112
2160
25889852
4213180
4793681
4342944
709330384
3587472
4696492
3900961
4116989
32803341
3972754
4282029
5317252
4352829
3563440
6315973
6864897
4247468
4202250
4331142
4314847
4196893
30706179
7203694
40068438
3913583
5851685
4126582
4074336
2128575
78445788
72814288
91537777
5319
400290553
44939738
41418
21824558
5432
2929333
13196
380036
5986
28574
3308208
5910516
3043693
28684055
26532
3317
62829
37926
40279015
31632
8030
8279
8227
24772896
2661
18511
26957838
43625
387167974
30380225
60598048
8049161
78249693
57307565
65661348
23282
58495
53926
4794537
91248297
65883768
79273020
75201691
61499513
30158
111736
3195
4889
123177
78572
404524
2420
1983
4071
4195
75936
2668
4600
2677
4469
930
18631
2193
4018
12907
75756
76562
15472
19964
95195775
63018616
68280406
69323823
18449939
76475246
30720521
18390248
4891259
4797
7197
6628
5273
284786870
8989204
124613343
25407
1059303
344
240
257
827
72123
426906
3540593
718876
3945750
20082103
5737
1461
5926
18718841
2359708
9812647
9483127
12165023
5766
6020
5392
72676
127261186
6550
14572
13683
845
60398961
155964829
30616804
816752
598718
2911533
7767
17878124
731
12573
12129
11360263
7049544
1988325
1454704
1430956
19824580
1572011
1432
18671946
8955130
19574224
2326
1766
24485
20077
145879938
18636715
8810298
3254986
22018
414107
15049
10508601
5523998
1813846
2922
2360
1139
2142
6357425
41246
9789
39555240
40864
41911
442
214
1357338
8678
12844592
6938464
9830
3520581
18932122
12474486
636932902
9214512
24195281
2318
1925
2143
1145308
1067758
6629
5800
5604
5842
5792
6143
6679
2622
2328
2297
2434
9025
8448
30612
12549504
71630
43607571
7469891
27628944
43266442
47861142
46757524
40698
25981337
32904828
21874
47446190
3414
2903
9939957
10373
9865
10617
10356
9811643
13826
53064382
393814
19838936
2155509
5720
490
10481
103540091
11480
12005
12670
11792
11749
11174
11545
5125082
45956723
19891940
145738297
735719
2361
32229
6679
27288280
20369
22321
980903
53282836
6275655
4287
2087037
181917
5179910
1476158
1059310
1432138
59408880
29381820
251545503
372223787
12450821
28306635
1660531
1457239
1475118
1776214
1476000
1944596
1422566
1729235
1435561
1941913
1043620182
1115735567
3375
15740312
14364886
1496046
339764584
37183309
186306
1317771
1029891
2065292
282349446
16164007
23791
9435
9018
2295
22160
22262
22550
22685
1051530631
4629
4124
4066
4035
117949
101405
116397
3873
119456
116082
22376
67160399
23799
21727
23153
22794
22524
18408
58054
59628
5067589
5142015
15212
60442
60989
4942485
5062715
18116
62468
66776
430873
22687
17170
15310
4734
10007
42383
41623
2936572
2984290
10853
350367062
42759
41114
4993
4873
3014753
3100866
10057
42682
43417
3008399
2062
3127009
10889
8769
5471
5231
5405
5271
5344
503
15039771
3217767
750
830
1483299
20355
14191
20936
1511741
14919
18855
1440657
1483787
14292
14655
1783007
4146
4008
3978
2984
2798590
230797394
4636
803032
3792
982070
6859
15003955
3978
2471
449048
4763
4584
19854235
29733395
681
3092
2875
3807
3189
3469
2768
3121
2783
3236
2790
2083
749627207
573321514
40768
611394986
148548
143786
7602499
627658948
7576486
22851019
7612529
4311249
555015
709
791277
876470
7577
143172
7604673
2006
498
111756849
4937604
551233
2966272
7582737
435447
662997
423562
417412
7995004
393698
27156916
22966190
8365811
22737176
8683793
2331
21083493
22924901
21163169
2739348
29153092
658955199
140921048
583436
1336
2400316
129605599
20100460
144011161
674151112
123880063
1651331
2092213
2153011
19493835
365657
1594965
6282
89217
1488163
1669200
1529741
1571244
2208663
2423089
15635983
2289813
148620808
2113023
1593096
1673260
1508979
1900992
1610449
1618628
1649184
8651163
1610083
2024058
1520191
2914855
112999540
26705476
1963482
46597664
20650041
225632333
46885276
143305
7587410
51500148
78402316
47851
6866172
8069770
7590240
20876151
23038497
72431188
20430269
65033238
130632822
365339361
124363991
1218483
90476
13959695
14434
11245810
4064
1595
1836195
30322
1600537
8069286
13355
865959
55619
76798
50043
10913853
335917044
22577428
25988781
2164
16384833
127746
15844180
15516353
14698
29422
289322
402871432
2736111
15306264
723252814
18199141
17757602
13578853
105472
15299748
14855160
14381172
18293825
16319298
15911740
16328341
13493173
16317437
15292423
20124513
12967669
16103383
17279696
18195026
20154401
18756648
16400786
15660462
17064743
1656
2916
1978
2163
2230
31652
41785
11805
31824
31820
1858843
84568408
19396346
402
28551
1365105
2759340
19809983
686496
20195503
439577
335728
620619
8244
17826454
723986
3649025
2404814
18275898
434886
2691863
1603174
501613
487477
186327
155879
358441
1508271
1537746
18641519
1546159
1820590
84827776
1593
3062
15298
88054
3683
3898
3717
3914
86267
3734
824900
2950
42118
179816
20179142
34117193
1189563
31651184
34685694
12806062
6146272
4936
5070
182858
168760
33765744
67221798
634268628
566114754
41714460
3663528
10478
59809
47988
14446
947481
96501361
821
84956102
1147572
2323871
2309519
363284779
144847
588589
130385
76687721
8673837
146975759
4776545
6500
1707
1583
1337
1289
1059
76192601
336394
281036
351286
395072
298432
265772
305441
348272
441607
346619
384603
334816026
780056
917692
258162
374139
924151
814022
769481
947530
66111100
3429220
29297177
25035976
26272068
29000958
32492330
24250326
20183185
30012169
25080240
54092516
24822743
24423532
21388656
17319
27794
24557999
3152
2208
25938550
41713662
24369038
28890520
24295414
30675991
49964001
25877556
262705
14565
151475705
769553750
17742
239844
18339
292344
515
525
25165
1581714
506
521
561
487
7027
6068629
5792335
791
702
12410
18214
67516
4543
12180
11414
67972
5006412
6660793
12957
237638
421561
5263
5202
11947
229012
1193920
239743
4771
4389
4162
4842
869679
320
4405
3693
127239
6818851
6699738
229633
707
786
655
661
405265
224813
3531237
3707177
3406837
25048209
19641943
22802299
143277
292
26087922
26513218
24402889
27071965
35533438
27250014
35921362
26000498
37187593
23754201
34931889
27401719
30351078
40071384
34938879
31035319
28189988
237585122
24711799
53186686
24731413
20924055
243924885
30845277
23347215
28508429
632
566
218451142
228429
11991
5982
3842
3662
6372
7478
5153
5153
3227
2643
2929
314
2795
2498
2652
459002
2211
4491
4762
22574
5504
3963
4812
4080
4642
2920
3734
2689
3857
1540000
1919610
1631027
4385
3669
535
1633514
2711611
2488314
930
4371
1725949
3486
1695988
2103595
1940346
1963001
1798015
4364
3264
1871135
3956
2737883
61774
1745122
3100
2894
2027440
2986
1733200
2812075
1594858
2334
2250
2324
2022671
3428
2695
2364
2570
1429633
2613
1818072
1774124
105117458
8347420
996200
1866539
2883223
1775864
710527
341617
13424
5390
124967
4473
4200
1766658
661
5485
1633700
514
6812
6202
4910
1411907
1347720
4681
5760
3994
548651
4224
1668520
4562
4536
1693311
5317
34309
33314
13133
4656
15364
1852352
395322
683
3954
5008970
1795250
4512
63573
105351
8639
230582
114519
19682
76150
1108519
37822
7325
6964
4413135
1681998
13918721
8164198
8683647
7859686
438942
1949566
103862
2489334
2295510
1713057
3064
749
772
702
720
683
1514722
152287
201397
782
220067
162968
14292959
1913675
1908589
1870986
1662685
2352884
1881801
1982450
32463741
30040
238182528
682772490
5785804
5376251
5207432
44955013
655
5731
4476
3873
3744
3350
443
462
466
358
321
354
376
3753
3336
3194
3221
3175
3457
3973
3222
3283
3286
3219
3253
148336
3848
8525
3732
344
605381124
4087
3772
4108
4206
5649
7781279
2275
3573
364
3975
35635
285573
13450
12145
12192
2668923
1761
1602
5526
3453633
4845
4450
4498
3123
4357
10257710
6542
1211694
39567164
10401
4099
3920
3610
8805
9725
13076
50784
2739
5039181
100551
244260
145592
61166
40487119
138916
87643
107725
9017202
8528865
7809376
71249
477233946
227635
16267
55685463
66599615
741255332
56129023
64613796
335417080
796
317
324
859
70505
2405
1785
356
1873
1724
1751
1744
353
1780
2138
435
3454
387
465
3530
324
3560
3264
3224
3238
3213
3427
3239
3236
3233
3260
3224
3271
3277
878
786
3368
3275
3281
4910
3227
3610
3311
3359
198648
845
923
837
1328
1299
1398
1335
1304
1320
25240
8218
4445
11460
15582
14251
587648
976
926
865
1834
1857
1838
1826
334740
1593
963
1433
973
1389
849
162098
957
963
862
675814
1088
892
334480
199152
21833
62278
181430
368
455
545
8977
16623
2486
3419
8830
19664
1658
2993545
50912017
2903
1372
1506
972
1090
2584
1244
1154
4753839
4055410
866
6319649
11044106
46991372
795309807
155543275
133645436
54728215
5304
615720101
1900
2062
288356
291210219
308166
169902
5517
7858963
3058
37809
27373572
4217
4043
4625
4171
742
772
705
15367
169754
13826
179722
181017
336672670
5903316
4787
5512
5519
3508
4490
4118
38754
2888992
40984
3313977
5715
47683
2734615
44429
2711281
6131
43824
3445154
42665
2723869
2957
2236
2628
924
2780819
1745
20294
4021
1012904
24776
181154
1928242
100964
4190
546610
1240
73218
372580
8434
447712
376855
312989
3161
1554
2962291
24823
9480
3421
4588
4302
3350
1869
5379
1887
5138
2423
1716
1989
1065
1692
1031
901
1098
819
808
1053
2974
29444842
467070732
295328530
1461444
5270
4452
2911
3378
12518
6952
9159
578953
100862
12649
149089
633965
13669
5546
10225
3462
759
825
768
748
730
66571
13440
3191550
5069
4832
7024
5041
3576
21583
1859308
469
797643
708692
3368
2626
309476
5058
39028
11251679
291506784
2227
266617498
2468
1135489928
3899
12623049
135608769
135452498
729295154
502618534
744310528
1168171
1162308
1169845
1168649
1161009
1176801
1194359
1163694
1180235
181349
207416
426289
501288
1166527
1180210
1163822
164245
353279
1186352
1181814
1189556
193493
410602
474345
423712
175734
131364
63776
1131915
13390
36868
2167
6246
3666272
56657167
827096406
614
449
799516
5662
231302
2456064
26948
1182
259179
1894737
211333
191738
164017615
49653980
523333740
555959450
51139598
44767
28856
29698
29038
28413
28994
29593
62059554
336997161
44393531
54396319
148590824
1729220
1963179
422336
253329
461430
414369
443997
175280
400246
207252
361203
513604
405645
149269
346439
424332
60740
489828
50998710
10312685
10774033
582203
1483358
13770
10857
11764
41294132
294733227
48488
2107
38918246
44541
553749039
11494
14063
12595
11598
1308975
2055881
983
981
1014812
1151081
338331
1354691
526613
1084
44439
455472831
997
898409
8027
103449
710
26307
4610979
707354
765993
821866
751566
915129
1605951
721118
7531363
1551463
11504144
11645773
11641868
11313455
7388506
11483454
11631674
11836510
701
1600277
2584
139438277
11561006
1439
11521712
2224598
2996269
772198
348209
3043
2552
2587
2497
2568
676145
1706
335049
1607328
742103
3710
16880
8691983
8845116
11387702
8442104
3318951
701063
13368
419335387
29232414
731
149059
5890362
469722
115027
63086
68400
184422
64077
1421815
556312
520298
205295
1288953
373742
1380639
3754
539868
414085
168953
333754
363081
359539
364622
359742296
336293121
21766
507986776
24491657
19134980
22706053
26553251
485588307
143537823
852
679
1594
1830
1678
1657
2197482
6889
443168
5921
5366
5371
17038
98255
99549
54570
14504
2307
823442
20738
19094
22587
85485
88647
81519
223692
20264
10904
292351
20775
277364914
43359
101397
19728
6329007
256897
27851
177925
18151
15066
14730
21726
136252303
192038
181233
193043
59590
299905
72067
63370
69022
14777
187220
185960
335872
245966
491005
2340
1079
2565873
173106
1065
696141
1157
1121
990
1035
18430
1143700
386
3160682
670673
4053
3321
667807
9112
125967
5652506
5631
1460010
45308298
18598263
545947
929423
1162153
351299
318241
5617
5208
17543
15725
14822
334862419
3957248
7676628
3912296
4374
12013233
1443664
2020533
9327953
4137248
9482
7688
1482338
535860
1350147
529811
311751210
326975134
10270
6927
101414
6902
6845
5479683
34036943
367425486
2741
12434329
6116302
1141
24731
35537
3681
698
25453
2874
2331
717
772
220940002
406512
400796
395543
6163
391550
425358
180403
410335
383250503
170795
394656
170681
516561
4648
4747
16460
8163709
165383
389395
323832
481672
319056
1522743
28339
86091
183842255
18809601
604145774
595134282
1107686
13161
32216
12923
15335
12077
11869
1810
4390505
31831
22398
201885
907073
31175
15304
2388
36265
3448071
85635
35170
3977
3862
34947
87773
35506
33779
89135
87625
84236
4258
90081
215758324
2719
99226
14661
84635
6670239
21899
53700
19297
73954981
827
85971
9651
9289
8881
22805
273648
51848
4692
417483
12571
25444
45537573
11035
269454
205957
11362
270044
4125
1231072
371655395
24529
25341852
25077868
8710152
814742
344453
338905487
68388600
285606
1336275
1299137
1348914
852560
50632817
10859857
251975415
56600
20844
2939
2565
387477478
383273578
399784652
16210772
437670562
390320194
204732819
78367417
1101710
19641417
1542507
128516
58256
268803
214079347
139696
24804862
70733
37259
62621
27868415
180795
60194
16517
79715
28665
5564900
6366
46779
343660
188553
25353739
1641171
300142
21121
298393
3458
3925
2635
136854333
13320
1364183
16643
91033
87737
7404792
7351813
377213
22216544
21749943
21221436
21636452
21090583
21692937
20186493
19986861
20201629
21029019
22392700
20722170
21369167
20922406
11140901
13240
20876743
22147420
21525697
20233735
21117593
21154982
6365617
1184294
20187
24602729
19102446
19923631
20170586
20542990
21006782
78684473
5712
165979
1550
79801274
4813
1549
39452797
1078
1028
1020
1117
1517
1172
3705
1400
1316
1110
1263
1337
1105
1420
1084
1299
1414
1432
1577
1297
1135
1122
1362
1542
1174
1443
1727
1265
3953
3872
9844
31057120
531864161
28078
25419
8160453
85821
6015972
7873
452703716
2565
102236
61169
143279264
94528
2513
96635
2468
2207
2312
2128
2199
2121
2132
2160
92634
9509
3131
93472
2432
97464
2273
87393
2166
93496
2922
439227826
27003
11065
98891
102090
2313
2393
4886
99490
102552
10251
2332
2153
2118
2300
282388
146680
20432408
276867
18498750
1460
1575
24430
1899
61339442
217501669
35504
2391
25127
78528539
13558931
1075539
39275
269594
360304
15705260
57523904
124536482
18248874
6190
208980250
953
997
24969
36280
1471
25058
259511265
1367070
10848
4844761
198422
5286093
619
981
24708
34963
1236
24474
1185983
28762124
770432
3243642
432372
176143028
8352
50484177
5789707
43658659
5653965
5919130
104175
2721
2999
2222
3249
2206
2340
2191
2258
53580
2427
2714
2723
91017
89477
85363
83658
84501
85092
77877
78421
77792179
76722332
16387750
9083
96369218
80273140
44297164
44685160
293648
24416
20986
23255
179851
1623791
24635093
189698
24696175
1082
863
663662
31896
181486
34503710
180684
24934666
15743
6597
2532518
178412
33534355
2363
179890
100047411
35151773
88071
88249
83279
82825
82788
84227
99016
60562835
59886537
59675678
59929047
18223938
42509
4315
584
175536
17380267
694548
2771826
449527
152394463
17231267
258
40468814
18917477
4274
762
513351409
266971838
3728
76446987
28577048
60740265
275594
19737
9987
124370478
202839281
1421218
2283114
24746739
277300077
98252
1890
1287
1211
3500
3579
11509792
28891650
9319505
9277344
9061965
219515283
8072062
169236
169867
1365
167293
170508
12302
3088713
12301
12214
11028165
1502
1152
415766586
3026
3091
6699
3100235
13715
3083932
3955298
8742741
5231
4599
10342478
3317987
6378
3348372
59749
2044
3342750
20025529
10247300
352936618
171247401
8738640
10714669
410769336
1742
203328
1597
241438045
6783315
902
28616
370047168
5251031
200863
199667
43880623
36465
18326208
3422
125975314
39511
18300715
1219
51448
39271434
4055236
9011251
12508917
13815624
77604781
53391777
59327105
24728839
9262
30107651
6985534
78471770
5452142
52388413
8720991
5165245
5472282
176609980
49294979
12019
201799153
448303966
43792804
41903157
6753
4095901
205421126
48099684
188105845
2865
275285
2486
272678
2299
285415
286811
268999
280481
5025968
310647
284901
160349
20913
2529027
2910815
10224
156934196
2575
105522628
2603
1641
1821
35885
37074
37342
1071
17489
16790
17619
20505
38882
977
20735
38230
3422
21132
3176
20687
6310
21121
884583
29621
89224
45705
45760
59410575
59292322
172544
5777665
64554
59327
497318
4608065
2869
2463
28358350
3463
246139
34896
27387107
4630
1397
535109881
27965003
3626
3895
3401
2639713
38871
34380
2632351
66288
8428409
64805
1376600
1335156
48396983
75514
4976
996229
1041786
9493215
5781
10408
77685602
6522431
53058513
1327837
1321606
17126542
95914393
480946516
199834686
76375224
5238
5474463
5035
5270
5001
5049
5003
4822
5280
4161784
19533743
18145150
1603
26489
96172
26221
16428756
22294479
20170824
77789395
17200955
27641796
5177
561327685
5670179
54214460
364095848
26748280
1028
332283894
60162601
17323410
218930334
14499049
27017330
28674331
410801
715342
6264190
6249309
12634749
5675579
5119149
6507265
6468153
6431180
28821716
29159165
6215882
1387490
4123005
4430679
28441419
23346358
25034667
4361794
846921
839511
2382
812655
801835
884757
869203
864650
867810
385008
424424
423848
375392
5891001
672678
3524250
1201
5173781
4996581
4571271
3175546
3148838
3229234
5671624
1102142
1034965
1012336
3071736
1029266
941438
3476743
1110438
185269
181381
179371
177661
202777
192732
2295
167737
598925
664776
659186
569599
1076930
1196525
1147017
1126242
3506908
3629896
3508317
1370371
1434465
3340488
665430
183065
178877
188455
193406
196176
180123
179195
192716
191592
175374
1473
171005
384355
190240245
37908192
16439907
954264
689645
423120
152895
3571972
185893041
102159163
234682745
17102154
1757
2227
177753
1670406
181588
3058775
186457
3123223
146838
3053905
19825898
5063665
46380875
19238382
19906887
22088658
24567480
27029600
26310268
25339522
20634938
28316943
20360374
21921468
20639009
19212566
18428069
21062843
24574182
21597614
20826187
20634707
21919730
16972557
7576340
21679566
20880874
2270
1373
1307
17616222
18907777
1151
1529
1081
1150
20239488
4904
1646
1025
1156
18645565
263906
201273
19894180
13642522
10686040
22201375
20565008
19322284
10024759
31515537
144034888
19949953
329519
2168
322458
312322
3641
2832
20733766
22211588
22094877
30144888
353701433
19777587
21091527
32420324
328578458
7033978
12309651
22840696
23630356
18800337
27232495
32803902
20312234
22473647
19926844
2842945
2873924
181826
20144220
26501175
19549301
20469904
32627369
22399993
21176887
19474927
29436175
20229429
20310115
9143460
27018346
21228858
5583003
281905896
19161065
18990668
23619671
547243800
21333500
33538083
31845646
24986177
18618305
18955064
1279286
1210962
372640
18830765
19526754
23618796
24307247
24708356
25272027
22742837
18796392
19572405
21259425
19075232
107652680
21028867
3965130
19597052
35019250
220089248
5187089
10211940
258232
2485950
19082
282479
7021
27283
201679
298807
4037482
156015262
1012
574811
49342437
394471
58028
920208
7310306
6734216
6701157
6772258
8157239
6856034
6364713
6795408
196651
197793
204713
4280798
2614312
31590561
62231234
533
518
513
5370873
294
444701148
206373494
1253632
11667077
46584369
48507046
49498054
54613987
54039989
49198236
52833186
53435781
54362796
54068309
53517439
56170822
57224633
52628238
51513451
54988387
54512292
53968627
53014113
54812688
56489794
59100409
8009
3745
7876
57212818
54011916
52118537
52865965
48933339
57769915
50498972
3095825
35423
62805
634792
1811
12238
1474
1176
226055270
12231
18844142
24187042
57387227
871159
8447
21490446
9590
344621800
1439553
57457178
151239476
65245885
337030
705312
153963388
24461
23481
371263193
266738679
117906903
95537990
7401505
2868
5637855
24963789
256607
55351424
58081152
63970149
64489258
61584465
79009103
76057192
86087206
69539108
66019017
62620417
71708027
60443241
89478882
73515844
71561684
75522382
63198590
72784095
62966800
57114739
58137077
182192458
65774644
62616183
2607085
66296219
64280642
63811531
61701678
64724675
60914233
62275478
57757776
84436712
58268053
60112827
57328996
69853011
62388789
62186538
53935843
53547650
56510295
63752627
68244039
56018650
81955280
69660734
74378154
72940776
64966345
72547322
75615957
65508707
68623936
74853577
69866624
70027617
68120328
71468416
70101255
67838433
68329195
51899344
72561889
64126024
71026333
71320254
65412206
75312899
74358302
76107579
64581865
65232839
73531106
69326187
108500526
71204147
62111794
78782110
61352610
60560422
75667176
76224362
70319765
72947889
73519944
75559641
80087823
81261583
3978552
5188440
337369386
416675066
4730539
12464
9870
45981
9134566
13268
18239
22274
165883
1045584
6761029
46090
88041
94290
94205
95233
95290
266084287
99232
166201
1421182
685003
8136587
30077
117991
116853
33100
866129
918980
35628
22582
855962
34501
844053
34199
37522
37745
894109
436257641
603681348
37528
640897
641629
683972
34206
604263
605662
602
10430028
59561962
8954877
144472247
48228178
1937408
152364025
53974455
22761722
7149186
14839285
16851812
1602809
36309226
2383
3657
15118
10906792
1753
1258
4958
4909
11912809
8827729
1291
13298
181542223
50635
1601
20048
17195
2287
13433
12111
3235
1275
4986
328045350
10576717
4662
2888
1398880
10953916
1405503
14778487
5700608
4955245
5926920
5064247
6057018
109392
235
47100285
1857
1098
200585292
4513555
18714743
75552779
1382276
1548570
1706051
1833823
974312
270788856
1031830
1029018
202604
85178
65189
486489
87088
406592
56294
2848138
122806
45464
478968519
33740
124317
8179
123798
13243320
4501
6768
5040
26234766
1224642630
2357599
2364843
2404440
2252127
7059
6973
8250
86669
211075
202506
2466844
2488121
2560899
2645053
2542194
2550014
2512790
187137730
21173498
12828526
12655159
12930277
13151259
13109443
12832216
13378972
12847157
13109753
12885029
13412317
12871267
2462198
2533856
2481797
2552787
295751
388044
391583
386231
37474692
116279
5208
151646373
225284
229512
21652227
1591
48503
6168726
5374759
69894800
27585924
271824549
203551091
1457076
1610739
523595
29175491
509589
107928
85229
26599981
1133043
735785
225805
436956
448198
42536048
1349
1534
4126299
4072444
28630135
77397742
5604333
5582740
11231934
6483
13316723
8008969
16455917
19141590
20053
20039
1050
20830
110676
21361
61300
1159
1787
19728
18677
1499
844366
861774
1268
489268
48703427
228091101
34271017
26498352
23277
92625
117548
94009
119081
12352199
6975774
31836947
2934012
73420149
82578
723159
443238
3370144
1301618
281960027
448075
67283791
9235
3594
4378933
1151
986
1087
4727
2056
26463054
1315
8360
108756
1214811
6353
4793167
104585652
200321541
72709691
35774
648275
33171
42176
2974997
839562
4069738
817973
180284
82393
20637
84655
19832
1198485
201979659
8343
26647487
45037
151246
339064617
14903741
264998
186291926
1233
16822
12826
5600
1204627
84835
1331
1562
1348
1022
4727
1858907
3036041
206002
973
4976
225459
4078
222802
3541
3265124
162787127
6408905
8902248
79969
678791
32404
4596
228526
1009
4689
225891
2522
5064
4166
14004
48533269
325092
14223
269812482
3638
2613
3735
3114
3061
23477
16133
2995
3109
3203
3060
2491
29993927
4438289
4015
3818
10362
3381
3971
5142
5035
68275
2395
945702
920
424311
26373122
12192851
2544496
259410772
125601158
5583293
120401584
31598639
166021
3962267
2950796
6974154
14634350
267591694
1215751
5831
10791
11368
5238081
5906527
60310419
3830198
8612
9163803
2396145
153967
521850791
321456833
124795
112774
5613216
123095
6062074
8133516
2540480
101431
2550221
159037
3116677
25267560
2737
27472520
15429748
116913
111557
104819
105968
2877
1713270
201158888
49441
23033531
21022
16362
9263742
120512
12432
12899
3471125
49993
7398
355049
28582
36089
691149
49960235
3880
2194
3374
189521793
1292797
9622162
364820098
24804
20593
20136
20818
20012
5414
2458
2342
4328
1870873
277436198
1041822
4952
1039207
2950
158791
1043778
1047399
1041427
4850
2665
2701
2647
2799
2107
1035563
257278419
8021912
1034977
1036370
1033264
1034434
1036205
1036611
1034208
1579
969
56250
1035282
1026
52526
1041096
13840
3337980
1239777
58115
1043405
53173
820
775
55286
1040971
4660
3755175
1038862
1036913
1037585
74647
1038570
1037985
1051375
1064477
188542
1038856
1039673
1050447
1089415
1149161
64580976
4408
1693
1783
1786
2019
1701
257197776
2079
7804
2667
1975
1481
2987
1253
156340495
257551890
1040114
1035323
1063403
1148500
1333479
70972
12048
1040668
1039217
1079756
1251322
1660154
1026637
1015109
1067883
1301558
2298461
56328
60352149
9779208
1547
3410
11871123
76214620
69232
8383
49803
68147481
30822576
7106
6420
6931
9833
1752041
1725772
9935
3979431
43354
1887599
3579
31278
99437
233557369
4907806
76321691
25238
1485857
23354
3966173
35607580
4183624
16037
14960434
90392468
407224
7878
11884243
34222882
64154668
10230898
9279495
8883466
8843038
1431
979
1296
1018
1088
1333
1056
1907
1157
972
875
868
2331
18753711
6163775
942627
8167198
12074238
14247877
15824762
8083949
8617444
8959988
9621417
8931808
8919378
8759283
8986083
8693774
8088734
8328088
75960648
10395019
62854627
102698879
1388
387062
109420
8977362
13700938
12618464
3543
2250
2050
956
969
1305
856
1826
1695
8653330
7879400
12443862
2014
8212896
8292624
8326655
7855682
1662
1734
1694
961887
165941
940
1068
2042
2102
9225002
23709383
157841870
157270115
3305
28209410
5764
1578
1234
1681
3916
3981
1529
43557
1879
952
2077
1620
1678
76403918
3411844
9228
1959
819
1394
1956
2545
1977
481604935
36860
5889
6145
29519532
276733
1185
36502645
2777381
2780673
2760707
2784196
2775401
2793819
353387536
2773851
2793474
1767
44099
1711
124543683
2775135
2790256
11095
12862
5194
2803572
1409501
6155
6266
60093058
23286
32639472
5585
18187138
23171
1649
217562508
276523184
178907076
178711340
227243339
1159
13954871
13941277
13743771
12036473
12712815
1157
12302629
12270948
13906357
12420780
12814704
12840231
13123556
12630414
31846645
12352945
13263675
13294053
12375493
11880526
12692073
12928590
13565460
15007397
12258168
12508627
13552613
11842372
893755
457475
457187
454462
235215
456360
456212
452998
11918506
12044233
11543150
12404628
12075135
12468517
12377390
13002324
222506
12044118
221555
12377102
11057385
14189227
12879932
13022906
12658973
12158832
12279804
11030906
14443160
11365529
13436446
1804
2027
2508078
2413926
2529472
2307385
2260557
2037869
242989356
2230548
2266690
2595908
2339626
21752412
155906563
156877546
8144548
2756232
1218
1165
6578
6222
25649
11952333
13057481
12369888
11916383
13896808
13638079
12554919
11041488
12460478
12458506
12089580
11986150
11742085
1430
11823849
13382759
12022558
14416534
13548816
12911217
14704232
12573056
11801308
12415156
12720989
8651
11468740
12370628
1684
12162139
11760185
950
871341
872407
894292
884944
904685
844050
12473445
11928795
12960895
11158007
819254
813850
12319693
13681846
159574674
12424672
11925734
13340734
13509018
13310554
12086816
14023911
13617623
14345365
13961166
15363388
13656658
13884575
13275032
13831004
14547047
12897537
1433
347877
348835
16015151
139533544
13853872
13056883
13964869
13786446
13121417
32881859
13097754
13673441
21517692
13264094
14091404
14153556
20205704
13893782
13167541
13489792
13794229
13295723
309001616
235613405
2629793
2419469
2575017
2631537
2541273
2464022
2531929
2586434
2513689
2769038
2601529
2607746
2451798
2552700
2481924
2486311
2498867
4233988
2755132
2606965
5040730
2472715
2484397
2479589
2893379
2549625
2458508
2456341
4146683
2695723
2828214
4004001
4862965
2425292
27663403
2465008
10284320
26240773
3332
10396
692
837
1402
6511
8079
904
1096
7290
9788
7956
864
1141
26570
3680
1548352
1923664
1874677
1894326
1895978
1900455
1907907
1904596
12999586
235
214
246584647
34520
5751
28188346
1089
16689
16089
16342
17042
16302
150390
143142
137539
143942
137291
869885
864456
881140
881002
877547
847376
841253
830935
868880
858201
878660
848022
2281
79589309
976644
931989
970480
939810
993261
938873
933241
915469
923806
19169
12608
12903
92118
78831
9427
43885199
16602
17295
25491412
3816
44975
6853167
279173727
655
1004
436994
1488
1414
372597
1470
2610506
572968
1686
609985
1457
1185180
1437
3415920
39401
343210924
44503
281474654
379795
962989
950997
952061
944747
959775
957150
885155
986366
2664
11088073
7084
2499
2492
1505
1477
1950
1391
716856
791344
762966
753309
774647
769786
710979
802657
761800
20104
1079877
2223138
19334
1533
868597
750466
743751
740925
737043
389
740853
749045
710578
804762
740059
3014
364877
308428
4147451
8092
686278
8798
11472
52302
52325
52314
13397
13326
13421
12843
67478
818462
1424
886682
18126
23227
23313
943976
1905
4845401
1423659
3038198
425071
1169037
69417527
144230023
48346912
270868008
2151319
237551459
34882549
410094
29588
571276449
47285
781
1270
5230494
1205959
169428746
713919
4305652
4060
6155
7547
18907836
1664
21564
3689
9396
7897
7757
9580
4376
3714
3721
2164
1453
1158
991
2126
1602
13059250
47953
20178
18457
19118
24201
2058
1934
17594
19036
28203
1361347
2770025
3445641
659822
2489878
3056
1217473
2577
10855547
417889
17311455
9706090
12133141
338
104575939
410883160
524956980
111078
46775994
29167698
1121406
477448
1096198
1159893
463644
3304239
227283305
2694827
748902
837723
761698
743890
767174
733406
763214
66608368
11860498
10711728
11716400
10676071
11709277
18900854
10628802
3921
725445
680269
505574
6927
266622
30440023
1931
165269450
66028
7311
3903
12455
15025
245951
75867982
727190
3033748
3494703
2388894
350657
260591524
1891
4096377
170160460
135536596
15107
13282
12192
10247
1991838
74787676
46378
4082317
13252
3900
3492
303980
331115
15910
13116
12014
11416
8030
4336
144222
235078
349802
5439005
4307
4185834
487097
4194889
12946460
4112
68845
273556
268659
12352811
224080
9860
178574
446449
446832
15550808
485048
656788
1520
1389
3016
126381
665225
762315
12901048
766684
14607650
2581
2501
4960
2590
2767
1576
1320
6528
2301908
4880991
15063
4123
13351
1576637
42238
116150
7345
3787
13703
7482
288787
83340
67603
5401
5064
3945
697951
8456
26574
19039
10611
12844
9165
19547
19837
20067
11105
13455
10811
9191
839700
230099219
1032716
1001690
5503808
5508830
112148
114894
115386
2181936
2126658
1939188
2135489
1932908
2104853
2025601
2032269
3567322
1943193
2198068
1943910
11388098
959584
788927
2170097
833266
34810253
33915369
33540005
35533948
34345855
34902472
4050402
4021302
3171
3346664
1511
1501
1279
1279
1783
1757
1503
3199
547797
12333067
12582178
12963331
11701653
11661879
13761707
12113342
12580505
12381836
12233101
12584829
17842389
12057943
17316771
12748478
59643
23176493
20644977
14202044
12676828
12795719
12553832
14695013
13870062
12489661
11911343
18150798
22340537
2276223
12287344
12583368
14457911
36288114
37702933
40133482
1767342
4855
14759
298569
183383
435132
78978820
1871
343891
559723385
1807
447775
505532
8271
10194
10851
10137
2004
20571
926733
15913740
11333508
107671
4458
139734
1779
1623
41688
1441
2254
918
1473
1291
1355
21315340
1742
38672
36997
44770
70842
90456
36265
18779
69011
1395
153782
51990811
10612
379958
2578412
4571
4273
3981
22037
4797
33312
4360
4822
347546
443729
58452
353413
439894
529481
656774
18471
18415085
25026431
544732
682945
2918
1369
1361
1324
129748
19470574
668284
881577
111372
986811
14693387
44047
502137
45578
403374
629386
374123
381183
617823
31020805
37845497
46800050
3671721
14639
15515
5167475
461186
453859
12112
187988334
28621759
2116570
75179
70090
3585
5045577
71060
33859
72200
30217829
13338815
1938
1816221
20819289
5921821
417262
391271
10520340
56082
145838753
17967157
12774526
12718268
17848568
14757896
20221613
18640589
11242986
11899454
139234988
12713386
19067842
17618271
11579945
12278809
12410889
177224
147842
1704
145209
19216
334168
458220
12014258
12390288
12551159
12800703
11328764
14951788
13783728
351523
11663250
32018157
1039263
247563
75086
5899
32215098
32509182
258709
31527
1470
45578550
13271932
13482980
13530019
27465756
19775414
16870105
207207
86820
4322
18830
21726
2841640
65593940
21783
81688
4106681
19607
5947985
7294
19458
367375
66131
22841962
5809
5374
2085
5332
5233
121953
5555
5170
5088
5544
5182
5692
5250
5455
5416
2859
5145
817
5597
1039
1082
1317
1335
1099
949
1064
1305
1012
1374
1125
119354
5702242
1326
1238
1199
1960
35044023
1950
35512564
37695680
20083
17656
507272
495538
30545672
31538328
125817877
56950244
8778239
563661
21749493
21964050
21330066
21542764
21819603
21329781
101120
106888
101039
106610
76505
95840
9041
153390257
4176465
74660518
16168371
10767
972885
21526672
20993213
21421193
96962380
95066454
92989035
97352586
94730014
94562874
15805493
14542627
15835930
16368857
94220397
14212500
2586755
16149799
15581576
16244880
6220939
1859820
13937449
110069
11448375
16395872
29102393
825013
99655907
105202138
93904272
98063373
94736971
93125618
95218374
89701763
92782328
22902169
6036533
31804
31077
148355
21014978
144573
3579064
42378
40754
32105
29355
138502
226703339
36174851
92238
172703
1572
13972906
145768
1514
25925
7819
1653
24497
6128673
90850246
2664
145759489
166026152
487
391
319368247
172380708
185975211
190255951
383909
70177810
19464
19506
5885593
2831423
2967403
126933
3467994
46913117
21304013
1475
1710
43220
34899288
509656
3556
1194983
21980
22098
31149
24245
33696
3197714
3524
1239003
71494
42353
5093300
1844
186842
197101
244523076
1480
1484
1440
2327
288375213
1795
2712507
120483
1035903
502208670
167072961
2359847
13201378
2092874
715387
4947991
39425381
34544
25604
360254704
131604
3574409
148738
3325083
58203304
88833277
66343250
85765045
76184340
88633914
97989481
67267099
96483164
60526447
105737006
63682345
147964
3082364
1759
44835
35588
3519
28915819
44117
2025
12962
20164
20228
159333
3132002
350199450
367418537
354055985
406024958
330198530
334461757
187770
1953
19428
36465
2763
19498
15145641
346835883
344588044
393270763
400736879
398287632
390731550
382478195
145388961
140381217
2427239
3540428
57808476
200004517
117971465
113213073
108694510
692552
611230
722729
83127532
428996791
422728855
345492109
344373430
419522810
410102943
427565634
380689919
385642317
385333076
366098389
360629506
412545722
62065
589685
58238
99014863
33036
36748
2850
59573
1623105
2952826
87653506
36978
70762431
117548
36832
227560
79801065
395550
4001
22069
21929
69299404
318346
3282
110343577
1994
3488
62662790
62312258
62930727
96626250
81271
78142892
95275825
82796790
61500635
61529111
71289261
667613
2382740
66777847
69447523
62054542
81188642
707365
193451459
1761762
7374
169138507
20770
43795
54565
52132946
2466
2481
325629
296954
124979611
408648498
3569273
1922815
509
14279060
13853439
88273917
82912246
98736450
98633487
69140112
70101097
70095726
81294912
211290
14420
13514
25050
20289
78924463
81295103
66522478
55023771
54819250
55984375
66399317
22578154
1428380
404259
14690311
509
324
311
1556
2114
1237
1159
37971
2189401
19427
68448411
67830243
69542800
88907245
65095849
105326222
106184557
78045710
54515719
53936332
53879471
36618
36265689
5275
21520
23895
65195707
5328
74881870
63513415
65147935
24068
14238
42086
28325
29189822
109834
743560
66782751
241053530
546675266
73753624
69092380
40109489
405501522
119608988
5989
26921
255098
19492
29629
279823
74542
26837
36267379
38402334
38196991
26441
84012176
16405
735
3497
3501
415597610
38660940
29313
29312
38745675
37576025
38849017
34947383
40463000
7639
475314
72602095
89046305
122279
767
69724
21056
12344
12000
12127389
24124
168321
5873
85287
9933
35770784
15584670
146047
126918
9380
37726500
107051843
3409
124735536
9478449
5505185
9553081
9739506
9944677
9770267
1929113
376451875
14490267
4531250
2099515
5027184
795307
3211
796907
841981
956187
184325606
72515406
131709716
39481847
189
739
1303
7877
8005
22112501
20053
18715
256099
222301
332379
641874
15221591
50308
803924
7920769
4164846
7585640
7580036
8334006
7840804
561757
444896084
490148123
507121669
382402898
369641980
1022
393521888
365780193
363106143
369148267
382125548
491441493
404253764
20826
854875
380270984
399749346
145496596
370640580
381559532
573852
1465
14642
14213
461580
12224129
2593
93176
60892
8980834
5228528
8948913
104475743
8924497
2692
26576
385695
807578
9924947
9880896
1918480
1259543
1248907
1247916
192358
213461
181982
20921
4553
220733595
6423
574320
40369536
10324809
9273510
22658387
52505291
4905901
428897
1573593
363671
26683
2767
628
15413
4482773
8557
20189
554162692
13064
4122
3618
85238256
80689982
78803959
369784007
2152101
245553
5792766
196710
1387
6450
394173
198907
801981
869007
13011737
3121957
67549
105349
50448
160407006
28860
44467
36172
1220090
27994
25251
25478
24722
26910
2093582
39595
47441
335863
154108268
154027036
151752072
161267468
156395745
151124559
2854
158265170
6278881
2614348
1935578
70908617
71759807
106503882
3594412
1941797
15044234
16309
87111491
75923282
90714056
80928273
98973556
87192550
29763266
10989
3003
10698
10866
16622
33638914
7618983
2770
2699
4231
6668
15931
3980
3186
2861
3101
15548
16495672
10469
10441
3394561
10390
10899
2744
10294
10558
10281
10444
10530
2597
11877
12012
11801
11750
1133
1184
818
392
2474
1104
273088855
9995
10812
9978
10364
10474
10304
11143
3345820
35456747
154897
2629
2947
1017
3793
3509
3694
3875
3580
2681
6642
6925
4500
3932
1993
1078879
1418785
4171862
81060367
82507251
2788329
848528
3875
4229824
15874
1109674
14600442
141475336
2086366
30552225
19496201
4165952
1065258
1113
16313
15017
18843
5665
5160
14544274
68499
32838
29920
33323
7750295
6466649
2614864
412633
439073
58123
18855
61590
2007718
390121
2068
2674
1813630
468961
5585485
2119
1628
125082
22809
13968
5482756
114244
15234812
7537487
7965921
1596
1501
1337
1701
1510605
15117
15783
1533
14592
1684
78531
3747678
4206
36101392
16156663
6371230
67022624
45063481
58218
64120327
21666190
7938878
7842820
4736
30723152
11333987
108872060
342977
7555494
2367161
51100
52413
2914
194084523
48768
2463491
1401281
6341279
2961310
73238572
1851950
11018394
35033613
1820
78087128
1880908
52142
4625
2450
3327
4574
20480
2459
20152
18301
404452530
75367390
13320993
3579
180078826
18737923
110209858
3218157
3041865
205760657
350068142
473458941
27540897
191874925
8892522
47854
47286
254871
188783472
2413
42417
1725904
1732821
1739807
1463
7482
7406
1334
646100
1843
1726104
7406
1420194
189265537
1284745
1131629
224005
174204
205295
68119
247771
16387
4359
253237339
14759780
5548447
20211455
330144095
690280
79628
196160
672833
492
6143
3632
75970349
155006
101066
5463
199410
1484
1331
15688
15658
20908
9793
69649773
8573
46148119
10256
10833
844
880
9646
10118
10244
434525837
166240209
186079094
20297
2196
16125
1920
16190
44799
3100
43822
259749
20225105
74146134
5164493
58291053
60343607
529557946
15311
539481387
7334622
52865846
1681097
1701460
1683703
1686988
3531
3348
3054
3305
3010
13180
13225
52845
283820
4795359
1566419
1136775
452252
569311
42192
48878
9404844
24076238
37180
7879052
21811854
62680
187717688
36544530
37822335
2922816
3770
3638
3632
9688463
9731275
10564951
1873152
2267838
10113149
16973780
10608916
1873721
6805
1741
11708
1926
583515283
1677
1849
2970
1987
3303
3346
2430
10533349
9271480
9477492
9476296
10904473
9774043
9560896
9888337
10130625
122981248
9694596
10293110
9650481
9819382
9920022
4325997
341273434
36634440
36606102
96091
1711541
157429
10925
5600382
228859384
37556534
36953817
91495
2850279
92090
2726107
90802
36136329
36040682
443131398
12601
3351611
123050
24448
115774
20752
93788
20651
91217
159655
19798
19375
19264
127877
573127
23733
25397
15650590
22543
34976
22930
20097
24313
22530
43410
26744
42901
26821
1454484
19489
31378
3599050
37497359
23828419
9373987
3671395
3001986
1449038
5026009
309643
307522
25068509
62806
11038
10633
24391
36299
47346
76066
19246
19894
16367206
5052365
124885
3185876
20470
24354
24720
37379
4823
3068240
2615138
3507365
3194055
12065271
2389001
797
13492195
6061813
724135
21729013
16235279
853
1208
1663
515475
3685694
1333284
7084823
2659243
2582055
50854977
26694876
32707510
6156484
9748122
33005
68578
59339
197815
36644
17358479
59635111
485200
8976
7401
2173
8058209
252621
135880
1540534
542
2277
553
289929
5042773
301247
715701
1904481
1157018
1788654
10942
7884430
73485
419679
164155
78867
291183
461971
829098
16765
658962
110817
4596
672
2004
1623
1383
1531
2298
864
2752
1180
1562
1188
1883
3662923
2741
2776
2180
490308
1949067
68585736
17552
64464558
17332
234423042
43599940
45497872
44402494
43600212
43408735
42970358
46788737
43996199
1979591
10586
35618
228576844
14316
1946010
152211410
296387163
296363000
296356879
296363279
287146495
43393603
43949916
43398418
1128
1117
220843914
43759294
1560
479
29062
18280677
651
622
18924637
567
18540
19186
77899
1528
515
1680
583
22135
704509
18819
144599455
125783
144001421
2714
1004
754
10213
1112
593
488
2231
503
497
28346
2173820
13651
8317051
9707
59954
205989
7871646
35553318
246493
35314636
221108
130425
102729392
36264
4318
15173
10657
73645355
144072541
387211761
618662388
315720842
22424195
121960
374850
5081328
75060
8011319
61494074
10433967
1718
24295
61206
1265
24183
920
23998
59545
1212
24268
112988990
35804793
61877805
4871651
20932559
147813
158866
2715829
13436499
501
229101295
598508513
22156228
8902
7967
7918
8014
7817
8041
1121
11583732
3174
225846
1882
48287
60354760
53542248
3495617
3570611
3597337
3489633
18664972
28494
5721216
3560992
3595571
3643674
3553509
3609957
3695628
3570888
1165988
3567161
3643094
3590020
3610452
3688809
3613404
3524394
6359
12362
3516651
146150
87407
117693
978402
65939
255155
82166
177062
4628211
159438
44503338
44519865
1140659
6235
246929383
87949666
10229
4318177
177490272
1271258
159915264
292272860
322240771
4633117
418045185
1731377
176258
4069281
7711219
188576465
2395
28814061
378632
3215
1006
963
986
1103
16736233
98839
22969
19154
23485616
59440154
142918
4389921
6373969
1041
1403
43700226
1446008
1573696
1853503
341336031
50180694
47870199
9730374
48127430
48240939
73322145
99712750
352591870
8614
36951515
38645752
1196184
108400543
35864120
334590601
33259508
4638533
1758443
1661
40881328
95293550
39719
5840
514645
37277
126383273
170020512
413707085
927495
3605598
898956
1676500
15551411
15573773
4669811
4779867
62535311
1822411
94924763
4426
758762
760727
3216
1055
487387
3266785
3196023
178859508
15471280
1072
6265
149362228
108619417
326086478
8008
3869
49597
458081
522395
979484
41511871
66975628
79062
718941
752687
1427
125676
998085
54938119
939479
201831
1162159
1017826
74758555
67342013
227710604
1539254
1946145
20459
145226138
15664082
28156760
299524688
3278447
3240811
8480335
8518019
9739374
2887575
15488562
15605689
8523621
10954080
8933215
8349476
7766514
10917869
2020631
8717898
9203933
12302648
8014911
159147020
8567672
16042912
7592135
10138009
7995906
10403425
61033633
8435371
11140358
8757362
9890114
9268586
7857837
7793446
7981979
51580408
104320320
16141018
3594
3455
23608186
4391
1414
306026
32954589
42328195
36849628
45666842
32652118
47460138
55566914
35513410
60241380
33754064
35855726
143818945
44112324
650
659
12540457
51516004
43886617
64928108
1395
79868784
47880135
43560968
37601694
50532533
41643994
1565
3529563
2675339
976165
56617
13130
595500126
36267451
96528474
111154772
28316820
66879253
33716553
43702028
36482320
12682209
90326564
6571
102776305
53863723
98194982
54155609
2679
37953980
62977447
68076222
150577984
428893
42986350
7309899
7540678
116715284
65925787
100605082
11914768
11746588
109801251
12279328
186355871
3189325
67064393
68004815
75339340
74821327
75773264
86914185
87827041
88809610
91384363
88730906
87722280
90651755
82118175
83488040
81430743
80770299
79658583
70258676
1457468
1646262
1950996
2443081
2996771
4226639
1286671
5887581
3189794
301017
220944
201399
227410
231850
223798
9634189
9082227
8949573
8714734
9321803
79147
74701
50354
2182293
24563
8569646
9680699
9235437
8961162
10080882
8527356
8847188
8999406
8763673
8896372
633
646
27012
109832
100955
18944
37147
9481
17987
1090138
2489
1121
9685083
12523097
12345102
2057312
661677
183156167
166731281
5316
2446
2182
2688
2095
2144
2177
2197
2173
3035344
21158825
51735628
507287
1175
1246
6053188
48446181
48021875
4898268
2521187
3739009
3540
17167
22213442
222819744
1036378
10093764
1675954
7566671
12346631
47819410
48200234
150382911
2184175
31659
20064
38203
1478869
38054
39714
5238
2056
10337
29991
8591540
2886701
713111
11363625
2538649
43421201
43781765
762651
4779824
32540673
68902039
6542
3069733
3191
35270
3088333
5316
60834
434216
3083735
1947209
1350312
15337084
169806
23461904
24006097
300279
367746
13802
15635043
6306
106535
14058752
157128
8374430
102824
8983370
4126
22635
6096
2850
2078822
718910
2690782
5868456
1886822
694476
2022961
1548
240114
3261
54332
25254576
5639
5735
1252072
4299
7100
109484
21220
1891121
26151
23071665
23584824
73183
1402
318622
2605988
75945436
1336
77975697
12041051
3066869
3933322
10352942
2278012
4867381
23262
1942
1818805
8052700
22244557
21862054
20271
15526258
52659632
1891
168599
12519703
23760333
23299587
22288957
12525187
524637
4926
354764
23912
6642276
7148281
15117
2381
1750
10882
1720
10831
